Organism,NC_000913,NC_004741,NC_003198,NC_003143,NC_011833,NC_002663,NC_000907,NC_005061,NC_004459,NC_004603,NC_002947,NC_004578,NC_002516,NC_004347,NC_002488,NC_003919,NC_007086,NC_003112,NC_005085,NC_004757,NC_003295,NC_002927,NC_002928,NC_002929,NC_005090,NC_002163,NC_004917,NC_004310,NC_002678,NC_003062,NC_003047,NC_004463,NC_002696
NC_000913,0,-1.1879703222,-1.1879703222,0.319838163669,nan,0.319838163669,0.319838163669,nan,-1.1879703222,-1.1879703222,0.319838163669,0.319838163669,0.319838163669,1.82764664954,1.82764664954,0.319838163669,0.319838163669,0.319838163669,1.82764664954,-1.1879703222,0.319838163669,1.82764664954,1.82764664954,1.82764664954,-1.1879703222,0.319838163669,1.82764664954,0.319838163669,0.319838163669,0.319838163669,0.319838163669,1.82764664954,1.82764664954
NC_004741,-1.1879703222,0,-1.1879703222,0.319838163669,nan,0.319838163669,0.319838163669,nan,-1.1879703222,-1.1879703222,0.319838163669,0.319838163669,0.319838163669,1.82764664954,1.82764664954,0.319838163669,0.319838163669,0.319838163669,1.82764664954,-1.1879703222,0.319838163669,1.82764664954,1.82764664954,1.82764664954,-1.1879703222,0.319838163669,1.82764664954,0.319838163669,0.319838163669,0.319838163669,0.319838163669,1.82764664954,1.82764664954
NC_003198,-1.1879703222,-1.1879703222,0,0.319838163669,nan,0.319838163669,0.319838163669,nan,-1.1879703222,-1.1879703222,0.319838163669,0.319838163669,0.319838163669,1.82764664954,1.82764664954,0.319838163669,0.319838163669,0.319838163669,1.82764664954,-1.1879703222,0.319838163669,1.82764664954,1.82764664954,1.82764664954,-1.1879703222,0.319838163669,1.82764664954,0.319838163669,0.319838163669,0.319838163669,0.319838163669,1.82764664954,1.82764664954
NC_003143,0.319838163669,0.319838163669,0.319838163669,0,nan,-1.1879703222,-1.1879703222,nan,0.319838163669,0.319838163669,-1.1879703222,-1.1879703222,-1.1879703222,0.319838163669,0.319838163669,-1.1879703222,-1.1879703222,-1.1879703222,0.319838163669,0.319838163669,-1.1879703222,0.319838163669,0.319838163669,0.319838163669,0.319838163669,-1.1879703222,0.319838163669,-1.1879703222,-1.1879703222,-1.1879703222,-1.1879703222,0.319838163669,0.319838163669
NC_011833,nan,nan,nan,nan,nan,nan,nan,nan,nan,nan,nan,nan,nan,nan,nan,nan,nan,nan,nan,nan,nan,nan,nan,nan,nan,nan,nan,nan,nan,nan,nan,nan,nan
NC_002663,0.319838163669,0.319838163669,0.319838163669,-1.1879703222,nan,0,-1.1879703222,nan,0.319838163669,0.319838163669,-1.1879703222,-1.1879703222,-1.1879703222,0.319838163669,0.319838163669,-1.1879703222,-1.1879703222,-1.1879703222,0.319838163669,0.319838163669,-1.1879703222,0.319838163669,0.319838163669,0.319838163669,0.319838163669,-1.1879703222,0.319838163669,-1.1879703222,-1.1879703222,-1.1879703222,-1.1879703222,0.319838163669,0.319838163669
NC_000907,0.319838163669,0.319838163669,0.319838163669,-1.1879703222,nan,-1.1879703222,0,nan,0.319838163669,0.319838163669,-1.1879703222,-1.1879703222,-1.1879703222,0.319838163669,0.319838163669,-1.1879703222,-1.1879703222,-1.1879703222,0.319838163669,0.319838163669,-1.1879703222,0.319838163669,0.319838163669,0.319838163669,0.319838163669,-1.1879703222,0.319838163669,-1.1879703222,-1.1879703222,-1.1879703222,-1.1879703222,0.319838163669,0.319838163669
NC_005061,nan,nan,nan,nan,nan,nan,nan,nan,nan,nan,nan,nan,nan,nan,nan,nan,nan,nan,nan,nan,nan,nan,nan,nan,nan,nan,nan,nan,nan,nan,nan,nan,nan
NC_004459,-1.1879703222,-1.1879703222,-1.1879703222,0.319838163669,nan,0.319838163669,0.319838163669,nan,0,-1.1879703222,0.319838163669,0.319838163669,0.319838163669,1.82764664954,1.82764664954,0.319838163669,0.319838163669,0.319838163669,1.82764664954,-1.1879703222,0.319838163669,1.82764664954,1.82764664954,1.82764664954,-1.1879703222,0.319838163669,1.82764664954,0.319838163669,0.319838163669,0.319838163669,0.319838163669,1.82764664954,1.82764664954
NC_004603,-1.1879703222,-1.1879703222,-1.1879703222,0.319838163669,nan,0.319838163669,0.319838163669,nan,-1.1879703222,0,0.319838163669,0.319838163669,0.319838163669,1.82764664954,1.82764664954,0.319838163669,0.319838163669,0.319838163669,1.82764664954,-1.1879703222,0.319838163669,1.82764664954,1.82764664954,1.82764664954,-1.1879703222,0.319838163669,1.82764664954,0.319838163669,0.319838163669,0.319838163669,0.319838163669,1.82764664954,1.82764664954
NC_002947,0.319838163669,0.319838163669,0.319838163669,-1.1879703222,nan,-1.1879703222,-1.1879703222,nan,0.319838163669,0.319838163669,0,-1.1879703222,-1.1879703222,0.319838163669,0.319838163669,-1.1879703222,-1.1879703222,-1.1879703222,0.319838163669,0.319838163669,-1.1879703222,0.319838163669,0.319838163669,0.319838163669,0.319838163669,-1.1879703222,0.319838163669,-1.1879703222,-1.1879703222,-1.1879703222,-1.1879703222,0.319838163669,0.319838163669
NC_004578,0.319838163669,0.319838163669,0.319838163669,-1.1879703222,nan,-1.1879703222,-1.1879703222,nan,0.319838163669,0.319838163669,-1.1879703222,0,-1.1879703222,0.319838163669,0.319838163669,-1.1879703222,-1.1879703222,-1.1879703222,0.319838163669,0.319838163669,-1.1879703222,0.319838163669,0.319838163669,0.319838163669,0.319838163669,-1.1879703222,0.319838163669,-1.1879703222,-1.1879703222,-1.1879703222,-1.1879703222,0.319838163669,0.319838163669
NC_002516,0.319838163669,0.319838163669,0.319838163669,-1.1879703222,nan,-1.1879703222,-1.1879703222,nan,0.319838163669,0.319838163669,-1.1879703222,-1.1879703222,0,0.319838163669,0.319838163669,-1.1879703222,-1.1879703222,-1.1879703222,0.319838163669,0.319838163669,-1.1879703222,0.319838163669,0.319838163669,0.319838163669,0.319838163669,-1.1879703222,0.319838163669,-1.1879703222,-1.1879703222,-1.1879703222,-1.1879703222,0.319838163669,0.319838163669
NC_004347,1.82764664954,1.82764664954,1.82764664954,0.319838163669,nan,0.319838163669,0.319838163669,nan,1.82764664954,1.82764664954,0.319838163669,0.319838163669,0.319838163669,0,-1.1879703222,0.319838163669,0.319838163669,0.319838163669,-1.1879703222,1.82764664954,0.319838163669,-1.1879703222,-1.1879703222,-1.1879703222,1.82764664954,0.319838163669,-1.1879703222,0.319838163669,0.319838163669,0.319838163669,0.319838163669,-1.1879703222,-1.1879703222
NC_002488,1.82764664954,1.82764664954,1.82764664954,0.319838163669,nan,0.319838163669,0.319838163669,nan,1.82764664954,1.82764664954,0.319838163669,0.319838163669,0.319838163669,-1.1879703222,0,0.319838163669,0.319838163669,0.319838163669,-1.1879703222,1.82764664954,0.319838163669,-1.1879703222,-1.1879703222,-1.1879703222,1.82764664954,0.319838163669,-1.1879703222,0.319838163669,0.319838163669,0.319838163669,0.319838163669,-1.1879703222,-1.1879703222
NC_003919,0.319838163669,0.319838163669,0.319838163669,-1.1879703222,nan,-1.1879703222,-1.1879703222,nan,0.319838163669,0.319838163669,-1.1879703222,-1.1879703222,-1.1879703222,0.319838163669,0.319838163669,0,-1.1879703222,-1.1879703222,0.319838163669,0.319838163669,-1.1879703222,0.319838163669,0.319838163669,0.319838163669,0.319838163669,-1.1879703222,0.319838163669,-1.1879703222,-1.1879703222,-1.1879703222,-1.1879703222,0.319838163669,0.319838163669
NC_007086,0.319838163669,0.319838163669,0.319838163669,-1.1879703222,nan,-1.1879703222,-1.1879703222,nan,0.319838163669,0.319838163669,-1.1879703222,-1.1879703222,-1.1879703222,0.319838163669,0.319838163669,-1.1879703222,0,-1.1879703222,0.319838163669,0.319838163669,-1.1879703222,0.319838163669,0.319838163669,0.319838163669,0.319838163669,-1.1879703222,0.319838163669,-1.1879703222,-1.1879703222,-1.1879703222,-1.1879703222,0.319838163669,0.319838163669
NC_003112,0.319838163669,0.319838163669,0.319838163669,-1.1879703222,nan,-1.1879703222,-1.1879703222,nan,0.319838163669,0.319838163669,-1.1879703222,-1.1879703222,-1.1879703222,0.319838163669,0.319838163669,-1.1879703222,-1.1879703222,0,0.319838163669,0.319838163669,-1.1879703222,0.319838163669,0.319838163669,0.319838163669,0.319838163669,-1.1879703222,0.319838163669,-1.1879703222,-1.1879703222,-1.1879703222,-1.1879703222,0.319838163669,0.319838163669
NC_005085,1.82764664954,1.82764664954,1.82764664954,0.319838163669,nan,0.319838163669,0.319838163669,nan,1.82764664954,1.82764664954,0.319838163669,0.319838163669,0.319838163669,-1.1879703222,-1.1879703222,0.319838163669,0.319838163669,0.319838163669,0,1.82764664954,0.319838163669,-1.1879703222,-1.1879703222,-1.1879703222,1.82764664954,0.319838163669,-1.1879703222,0.319838163669,0.319838163669,0.319838163669,0.319838163669,-1.1879703222,-1.1879703222
NC_004757,-1.1879703222,-1.1879703222,-1.1879703222,0.319838163669,nan,0.319838163669,0.319838163669,nan,-1.1879703222,-1.1879703222,0.319838163669,0.319838163669,0.319838163669,1.82764664954,1.82764664954,0.319838163669,0.319838163669,0.319838163669,1.82764664954,0,0.319838163669,1.82764664954,1.82764664954,1.82764664954,-1.1879703222,0.319838163669,1.82764664954,0.319838163669,0.319838163669,0.319838163669,0.319838163669,1.82764664954,1.82764664954
NC_003295,0.319838163669,0.319838163669,0.319838163669,-1.1879703222,nan,-1.1879703222,-1.1879703222,nan,0.319838163669,0.319838163669,-1.1879703222,-1.1879703222,-1.1879703222,0.319838163669,0.319838163669,-1.1879703222,-1.1879703222,-1.1879703222,0.319838163669,0.319838163669,0,0.319838163669,0.319838163669,0.319838163669,0.319838163669,-1.1879703222,0.319838163669,-1.1879703222,-1.1879703222,-1.1879703222,-1.1879703222,0.319838163669,0.319838163669
NC_002927,1.82764664954,1.82764664954,1.82764664954,0.319838163669,nan,0.319838163669,0.319838163669,nan,1.82764664954,1.82764664954,0.319838163669,0.319838163669,0.319838163669,-1.1879703222,-1.1879703222,0.319838163669,0.319838163669,0.319838163669,-1.1879703222,1.82764664954,0.319838163669,0,-1.1879703222,-1.1879703222,1.82764664954,0.319838163669,-1.1879703222,0.319838163669,0.319838163669,0.319838163669,0.319838163669,-1.1879703222,-1.1879703222
NC_002928,1.82764664954,1.82764664954,1.82764664954,0.319838163669,nan,0.319838163669,0.319838163669,nan,1.82764664954,1.82764664954,0.319838163669,0.319838163669,0.319838163669,-1.1879703222,-1.1879703222,0.319838163669,0.319838163669,0.319838163669,-1.1879703222,1.82764664954,0.319838163669,-1.1879703222,0,-1.1879703222,1.82764664954,0.319838163669,-1.1879703222,0.319838163669,0.319838163669,0.319838163669,0.319838163669,-1.1879703222,-1.1879703222
NC_002929,1.82764664954,1.82764664954,1.82764664954,0.319838163669,nan,0.319838163669,0.319838163669,nan,1.82764664954,1.82764664954,0.319838163669,0.319838163669,0.319838163669,-1.1879703222,-1.1879703222,0.319838163669,0.319838163669,0.319838163669,-1.1879703222,1.82764664954,0.319838163669,-1.1879703222,-1.1879703222,0,1.82764664954,0.319838163669,-1.1879703222,0.319838163669,0.319838163669,0.319838163669,0.319838163669,-1.1879703222,-1.1879703222
NC_005090,-1.1879703222,-1.1879703222,-1.1879703222,0.319838163669,nan,0.319838163669,0.319838163669,nan,-1.1879703222,-1.1879703222,0.319838163669,0.319838163669,0.319838163669,1.82764664954,1.82764664954,0.319838163669,0.319838163669,0.319838163669,1.82764664954,-1.1879703222,0.319838163669,1.82764664954,1.82764664954,1.82764664954,0,0.319838163669,1.82764664954,0.319838163669,0.319838163669,0.319838163669,0.319838163669,1.82764664954,1.82764664954
NC_002163,0.319838163669,0.319838163669,0.319838163669,-1.1879703222,nan,-1.1879703222,-1.1879703222,nan,0.319838163669,0.319838163669,-1.1879703222,-1.1879703222,-1.1879703222,0.319838163669,0.319838163669,-1.1879703222,-1.1879703222,-1.1879703222,0.319838163669,0.319838163669,-1.1879703222,0.319838163669,0.319838163669,0.319838163669,0.319838163669,0,0.319838163669,-1.1879703222,-1.1879703222,-1.1879703222,-1.1879703222,0.319838163669,0.319838163669
NC_004917,1.82764664954,1.82764664954,1.82764664954,0.319838163669,nan,0.319838163669,0.319838163669,nan,1.82764664954,1.82764664954,0.319838163669,0.319838163669,0.319838163669,-1.1879703222,-1.1879703222,0.319838163669,0.319838163669,0.319838163669,-1.1879703222,1.82764664954,0.319838163669,-1.1879703222,-1.1879703222,-1.1879703222,1.82764664954,0.319838163669,0,0.319838163669,0.319838163669,0.319838163669,0.319838163669,-1.1879703222,-1.1879703222
NC_004310,0.319838163669,0.319838163669,0.319838163669,-1.1879703222,nan,-1.1879703222,-1.1879703222,nan,0.319838163669,0.319838163669,-1.1879703222,-1.1879703222,-1.1879703222,0.319838163669,0.319838163669,-1.1879703222,-1.1879703222,-1.1879703222,0.319838163669,0.319838163669,-1.1879703222,0.319838163669,0.319838163669,0.319838163669,0.319838163669,-1.1879703222,0.319838163669,0,-1.1879703222,-1.1879703222,-1.1879703222,0.319838163669,0.319838163669
NC_002678,0.319838163669,0.319838163669,0.319838163669,-1.1879703222,nan,-1.1879703222,-1.1879703222,nan,0.319838163669,0.319838163669,-1.1879703222,-1.1879703222,-1.1879703222,0.319838163669,0.319838163669,-1.1879703222,-1.1879703222,-1.1879703222,0.319838163669,0.319838163669,-1.1879703222,0.319838163669,0.319838163669,0.319838163669,0.319838163669,-1.1879703222,0.319838163669,-1.1879703222,0,-1.1879703222,-1.1879703222,0.319838163669,0.319838163669
NC_003062,0.319838163669,0.319838163669,0.319838163669,-1.1879703222,nan,-1.1879703222,-1.1879703222,nan,0.319838163669,0.319838163669,-1.1879703222,-1.1879703222,-1.1879703222,0.319838163669,0.319838163669,-1.1879703222,-1.1879703222,-1.1879703222,0.319838163669,0.319838163669,-1.1879703222,0.319838163669,0.319838163669,0.319838163669,0.319838163669,-1.1879703222,0.319838163669,-1.1879703222,-1.1879703222,0,-1.1879703222,0.319838163669,0.319838163669
NC_003047,0.319838163669,0.319838163669,0.319838163669,-1.1879703222,nan,-1.1879703222,-1.1879703222,nan,0.319838163669,0.319838163669,-1.1879703222,-1.1879703222,-1.1879703222,0.319838163669,0.319838163669,-1.1879703222,-1.1879703222,-1.1879703222,0.319838163669,0.319838163669,-1.1879703222,0.319838163669,0.319838163669,0.319838163669,0.319838163669,-1.1879703222,0.319838163669,-1.1879703222,-1.1879703222,-1.1879703222,0,0.319838163669,0.319838163669
NC_004463,1.82764664954,1.82764664954,1.82764664954,0.319838163669,nan,0.319838163669,0.319838163669,nan,1.82764664954,1.82764664954,0.319838163669,0.319838163669,0.319838163669,-1.1879703222,-1.1879703222,0.319838163669,0.319838163669,0.319838163669,-1.1879703222,1.82764664954,0.319838163669,-1.1879703222,-1.1879703222,-1.1879703222,1.82764664954,0.319838163669,-1.1879703222,0.319838163669,0.319838163669,0.319838163669,0.319838163669,0,-1.1879703222
NC_002696,1.82764664954,1.82764664954,1.82764664954,0.319838163669,nan,0.319838163669,0.319838163669,nan,1.82764664954,1.82764664954,0.319838163669,0.319838163669,0.319838163669,-1.1879703222,-1.1879703222,0.319838163669,0.319838163669,0.319838163669,-1.1879703222,1.82764664954,0.319838163669,-1.1879703222,-1.1879703222,-1.1879703222,1.82764664954,0.319838163669,-1.1879703222,0.319838163669,0.319838163669,0.319838163669,0.319838163669,-1.1879703222,0
